2
3
8
9
10
11
12
13
14
15
16
19
20
22
23
24
25
27
28
29
32
33
34
35
36
37
39
40
41
42
44
45
46
47
48
49
50
51
53
54
55
56
58
59
60
61
62
63
64
65
66
68
69
71
72
73
74
75
76
77
78
79
80
81
83
85
86
89
90
91
92
93
96
97
98
100
104
105
107
110
112
113
114
117
118
119
121
122
123
124
125
126
127
130
132
133
134
135
136
137
138
139
140
141
142
143
144
147
148
149
150
151
153
154
155
157
158
159
160
161
162
163
164
166
168
169
171
172
174
175
176
177
178
179
180
182
183
185
187
188
189
190
193
194
196
197
199
200
201
202
204
205
206
207
211
212
214
215
216
217
218
219
220
221
222
224
225
230
232
233
234
235
237
238
239
242
243
244
245
246
248
252
253
256
260
262
263
267
268
269
270
271
272
273
274
275
276
277
278
280
282
286
288
289
290
292
293
294
297
298
300
301
303
306
307
308
309
311
315
316
317
319
320
322
324
325
326
327
329
331
336
337
338
340
341
343
346
347
348
349
356
358
359
360
362
363
364
365
366
368
369
370
372
375
377
378
381
383
384
385
387
388
389
391
394
396
399
400
402
403
405
407
408
410
411
413
414
421
426
430
431
433
437
444
445
446
447
448
451
452
453
454
455
456
457
458
460
463
464
465
467
470
471
472
473
474
475
476
478
479
480
481
482
483
485
486
488
490
491
492
493
494
495
496
498
499
501
502
503
504
505
506
508
509
510
511
512
514
518
519
520
522
523
524
525
526
527
528
529
531
532
533
534
535
537
538
539
540
541
543
544
545
546
547
548
549
551
552
553
554
555
556
557
558
559
561
563
564
565
567
568
570
571
572
573
574
575
576
577
579
580
581
582
585
586
587
588
589
590
591
592
593
597
598
600
601
602
603
605
606
607
608
609
610
612
613
614
615
616
617
618
619
620
621
622
623
625
627
629
630
632
633
634
635
636
637
639
640
641
642
643
646
647
648
649
651
652
653
655
656
657
658
659
660
662
664
666
668
670
674
676
677
678
679
680
682
684
685
687
689
691
692
695
696
698
699
703
704
705
707
708
709
710
711
712
713
716
717
718
719
722
723
725
726
727
729
733
734
735
736
737
738
739
740
741
742
743
744
746
748
749
750
751
752
753
756
757
758
762
763
765
766
767
768
769
771
772
773
774
775
776
777
778
782
786
787
789
790
793
795
796
798
799
800
802
803
805
807
808
811
812
813
815
816
817
818
819
820
821
822
823
824
825
826
828
829
830
831
833
834
835
836
837
839
840
842
843
845
846
848
851
853
854
855
857
858
859
860
864
867
868
869
870
871
872
873
876
877
878
879
882
883
885
887
888
889
890
891
892
894
895
896
897
902
905
907
912
914
916
921
924
925
926
929
932
934
935
938
939
940
943
944
946
947
951
952
953
954
956
957
958
960
961
962
963
964
965
966
967
968
969
970
971
972
973
974
975
976
977
978
979
980
982
987
988
989
991
992
995
996
998
1000
1001
1003
1004
1005
1006
1007
1009
1010
1012
1013
1014
1015
1018
1019
1022
1024
1025
1027
1028
1029
1030
1031
1032
1034
1036
1041
1043
1045
1046
1047
1048
1051
1052
1053
1054
1055
1056
1057
1058
1059
1060
1061
1063
1065
1067
1069
1070
1071
1072
1073
1075
1080
1081
1082
1083
1084
1085
1087
1088
1090
1092
1093
1094
1095
1096
1097
1098
1099
1100
1102
1103
1104
1105
1107
1114
1116
1119
1120
1123
1126
1128
1131
1132
1135
1136
1137
1138
1139
1140
1141
1147
1151
1152
1153
1155
1156
1159
1161
1162
1163
1166
1167
1169
1171
1172
1176
1177
1180
1181
1182
1188
1191
1195
1196
1197
1199
1204
1211
1212
1217
1225
1227
1230
1231
1233
1238
1239
1241
1245
1248
1249
1250
1251
1252
1254
1256
1257
1258
1259
1260
1262
1263
1264
1265
1266
1268
1269
1270
1271
1272
1273
1274
1276
1278
1279
1281
1283
1284
1285
1287
1288
1289
1290
1291
1293
1297
1298
1300
1302
1304
1305
1308
1310
1315
1317
1319
1320
1321
1322
1324
1325
1326
1328
1331
1332
1334
1335
1336
1337
1338
1339
1341
1342
1344
1347
1348
1349
1350
1355
1357
1360
1362
1363
1367
1369
1370
1371
1373
1374
1376
1377
1382
1385
1386
1387
1388
1392
1394
1395
1396
1397
1399
1402
1403
1404
1406
1407
1409
1410
1413
1414
1430
1433
1435
1436
1437
1438
1440
1446
1460
1476
1480
1482
1488
1495
1498
1500
1501
1504
1508
1510
1511
1513
1518
1519
1520
1522
1525
1528
1530
1531
1533
1537
1538
1539
1540
1541
1543
1545
1548
1552
1555
1557
1558
1560
1561
1562
1563
1572
1575
1579
1580
1581
1582
1591
1592
1595
1596
1597
1598
1600
1601
1602
1604
1605
1607
1608
1609
1611
1612
1615
1618
1620
1621
1622
1623
1626
1627
1629
1631
1633
1634
1635
1636
1637
1638
1639
1640
1641
1642
1643
1644
1645
1646
1647
1649
1650
1651
1653
1654
1655
1657
1658
1659
1660
1662
1663
1667
1669
1671
1677
1678
1679
1680
1681
1682
1684
1685
1688
1695
1696
1697
1698
1699
1701
1702
1704
1706
1708
1709
1710
1711
1712
1713
1714
1716
1717
1718
1719
1723
1727
1730
1732
1733
1734
1735
1737
1738
1741
1742
1743
1744
1746
1747
1748
1751
1756
1757
1760
1761
1762
1763
1765
1769
1770
1771
1772
1773
1776
1782
1783
1786
1787
1788
1789
1790
1792
1795
1798
1799
1800
1802
1803
1804
1805
1806
1807
1808
1810
1812
1814
1816
1817
1818
1820
1821
1822
1824
1829
1830
1831
1832
1833
1836
1837
1838
1839
1840
1841
1842
1844
1845
1847
1849
1850
1852
1857
1863
1864
1869
1871
1872
1873
1874
1875
1876
1877
1878
1879
1880
1881
1882
1883
1884
1885
1886
1888
1889
1890
1891
1892
1894
1895
1896
1897
1899
1901
1902
1903
1904
1907
1908
1909
1911
1915
1917
1919
1920
1922
1923
1927
1928
1929
1931
1933
1934
1935
1937
1939
1941
1942
1943
1944
1945
1946
1947
1951
1952
1954
1956
1958
1959
1960
1962
1965
1966
1969
1970
1971
1972
1973
1974
1977
1978
1980
1982
1985
1987
1988
1989
1991
1992
1993
1994
1996
1997
1998
1999
2000
2002
2003
2006
2007
2009
2011
2013
2014
2015
2017
2018
2019
2020
2021
2023
2024
2025
2027
2028
2031
2032
2033
2034
2035
2036
2037
2039
2040
2043
2044
2045
2046
2047
2049
2057
2058
2059
2060
2061
2062
2063
2064
2066
2067
2069
2070
2071
2072
2073
2075
2076
2078
2079
2080
2084
2085
2086
2087
2088
2089
2090
2091
2092
2093
2094
2097
2098
2099
2100
2101
2102
2103
2104
2105
2107
2108
2110
2111
2113
2119
2120
2121
2123
2126
2127
2131
2132
2133
2134
2135
2136
2138
2139
2140
2141
2143
2144
2145
2148
2149
2150
2151
2153
2154
2155
2161
2162
2164
2166
2167
2168
2169
2170
2171
2172
2173
2174
2176
2179
2180
2181
2183
2185
2186
2187
2188
2189
2191
2193
2194
2195
2196
2197
2198
2199
2200
2202
2203
2204
2205
2206
2207
2208
2209
2211
2212
2213
2215
2216
2217
2218
2221
2223
2224
2226
2227
2230
2231
2232
2235
2239
2240
2242
2243
2244
2245
2247
2248
2249
2250
2251
2253
2254
2257
2263
2265
2266
2267
2268
2269
2270
2273
2275
2277
2280
2282
2283
2286
2289
2292
2293
2297
2299
2300
2301
2304
2305
2307
2308
2310
2311
2312
2313
2314
2315
2317
2321
2322
2323
2324
2326
2329
2331
2333
2334
2335
2339
2340
2342
2344
2345
2346
2350
2352
2353
2354
2355
2356
2357
2359
2360
2361
2362
2363
2365
2366
2367
2370
2371
2373
2374
2375
2376
2378
2380
2381
2383
2384
2385
2390
2392
2395
2396
2398
2401
2403
2406
2408
2410
2411
2414
2415
2418
2419
2421
2425
2435
2438
2442
2444
2445
2446
2448
2450
2451
2453
2454
2457
2460
2463
2464
2465
2470
2472
2474
2475
2476
2478
2480
2483
2486
2487
2488
2490
2492
2493
2494
2495
2497
2500
2503
2506
2508
2509
2510
2511
2512
2514
2515
2516
2518
2521
2522
2524
2527
2529
2530
2533
2536
2538
2539
2540
2542
2546
2548
2550
2553
2555
2557
2558
2561
2562
2563
2566
2570
2571
2572
2573
2574
2575
2577
2578
2579
2580
2583
2584
2585
2586
2588
2589
2591
2592
2594
2595
2597
2600
2605
2607
2608
2611
2612
2613
2615
2616
2617
2619
2621
2623
2624
2625
2630
2633
2634
2636
2637
2639
2640
2642
2643
2644
2645
2647
2648
2650
2651
2652
2653
2654
2655
2656
2657
2659
2663
2664
2665
2666
2667
2668
2669
2671
2672
2673
2676
2679
2680
2684
2686
2687
2688
2691
2692
2693
2694
2696
2697
2703
2705
2714
2715
2716
2717
2718
2719
2720
2721
2722
2724
2725
2728
2729
2730
2733
2738
2744
2745
2747
2748
2749
2750
2751
2752
2753
2754
2756
2757
2758
2761
2762
2763
2777
2778
2779
2781
2783
2786
2788
2789
2791
2792
2793
2795
2797
2803
2804
2808
2812
2813
2814
2815
2816
2817
2818
2823
2825
2826
2827
2828
2829
2835
2836
2837
2839
2840
2841
2843
2850
2857
2858
2859
2860
2861
2863
2864
2866
2867
2868
2869
2870
2871
2872
2875
2876
2877
2879
2883
2884
2885
2890
2891
2893
2894
2895
2896
2897
2900
2901
2902
2904
2905
2907
2908
2909
2910
2912
2913
2916
2917
2918
2919
2920
2921
2922
2923
2925
2926
2927
2928
2936
2937
2938
2942
2943
2944
2945
2948
2949
2953
2955
2958
2960
2961
2967
2970
2974
2979
2980
2982
2983
2984
2986
2987
2990
2991
2992
2996
2997
2999
3002
3003
3005
3006
3010
3011
3013
3015
3016
3019
3020
3021
3022
3025
3026
3027
3028
3029
3031
3034
3037
3038
3040
3041
3042
3043
3044
3045
3048
3049
3057
3063
3065
3066
3067
3070
3071
3072
3073
3074
3075
3076
3077
3081
3083
3084
3085
3086
3090
3097
3100
3103
3107
3109
3110
3111
3115
3117
3118
3119
3124
3125
3126
3127
3128
3130
3131
3133
3134
3137
3138
3139
3141
3144
3146
3148
3149
3152
3154
3155
3158
3159
3160
3161
3162
3165
3166
3170
3172
3173
3174
3175
3177
3179
3180
3182
3183
3184
3185
3186
3187
3189
3191
3193
3196
3198
3199
3200
3201
3202
3206
3207
3212
3215
3217
3218
3220
3223
3228
3233
3234
3236
3237
3241
3246
3248
3251
3256
3259
3261
3265
3270
3271
3272
3273
3275
3276
3278
3281
3282
3287
3292
3298
3300
3301
3302
3305
3306
3307
3310
3311
3312
3316
3319
3323
3324
3325
3326
3327
3328
3330
3336
3343
3345
3348
3351
3353
3355
3363
3365
3366
3367
3370
3376
3380
3382
3383
3387
3388
3390
3391
3392
3393
3394
3396
3398
3400
3401
3403
3405
3411
3413
3414
3416
3417
3418
3419
3422
3423
3426
3427
3429
3431
3434
3436
3438
3443
3444
3445
3447
3448
3452
3457
3458
3461
3466
3468
3470
3473
3474
3477
3481
3482
3484
3487
3489
3493
3496
3498
3502
3508
3510
3521
3526
3529
3535
3542
3546
3547
3549
3550
3551
3552
3554
3555
3557
3560
3561
3563
3565
3573
3574
3607
3613
3641
3642
3645
3651
3683
3687
3688
3690
3691
3693
3694
3698
3700
3701
3707
3712
3713
3715
3717
3719
3720
3722
3724
3736
3737
3738
3739
3741
3749
3750
3752
3758
3759
3761
3762
3763
3764
3765
3768
3771
3774
3777
3778
3781
3782
3785
3789
3791
3796
3797
3798
3803
3805
3808
3809
3811
3826
3834
3974
3982
3988
4050
4054
4057
4058
4059
4097
4099
4112
4122
4207
4209
4218
4220
4232
4236
4279
4283
4295
4296
4298
4299
4302
4303
4305
4306
4307
4308
4309
4311
4312
4313
4315
4319
4320
4322
4323
4324
4325
4326
4327
4329
4330
4331
4332
4333
4334
4337
4341
4343
4345
4347
4348
4349
4354
4355
4359
4360
4361
4367
4370
4372
4373
4374
4375
4377
4378
4380
4381
4382
4383
4385
4386
4387
4388
4389
4390
4394
4395
4396
4397
4398
4404
4405
4406
4408
4409
4414
4415
4416
4417
4418
4420
4422
4423
4425
4426
4428
4429
4430
4431
4432
4437
4438
4439
4440
4442
4443
4444
4445
4446
4447
4450
4452
4453
4464
4467
4474
4481
4482
4487
4490
4491
4492
4493
4495
4502
4510
4524
4563
4568
4570
4576
4586
4599
4602
4607
4608
4617
4618
4619
4629
4634
4635
4639
4673
4679
4689
4690
4691
4696
4704
4712
4717
4719
4724
4736
4749
4756
4757
4782
4783
4792
4794
4796
4798
4802
4804
4808
4810
4820
4823
4826
4840
4844
4859
4860
4870
4871
4878
4887
4890
4894
4897
4904
4906
4912
4915
4918
4923
4924
4926
4927
4930
4931
4933
4934
4935
4936
4937
4942
4943
4944
4947
4963
4968
4969
4971
4976
4979
4987
5011
5017
5019
5025
5026
5039
5048
5072
5096
5101
5102
5103
5104
5105
5106
5107
5108
5109
5110
5115
5116
5120
5121
5135
5144
5145
5148
5150
5155
5165
5177
5180
5181
5184
5200
5211
5212
5213
5214
5216
5222
5224
5227
5242
5244
5245
5247
5257
5261
5264
5266
5268
5272
5273
5274
5280
5281
5285
5288
5293
5294
5301
5302
5305
5306
5310
5317
5318
5325
5327
5328
5329
5338
5339
5343
5344
5345
5348
5353
5356
5365
5366
5368
5374
5390
5401
5403
5406
5407
5416
5419
5421
5425
5429
5435
5446
5450
5453
5458
5461
5462
5464
5465
5469
5474
5483
5484
5487
5490
5505
5513
5518
5521
5523
5528
5561
5562
5574
5576
5580
5584
5585
5587
5588
5590
5592
5595
5598
5599
5607
5609
5613
5616
5622
5640
5645
5650
5656
5684
5686
5692
5701
5716
5731
5736
5743
5745
5750
5758
5764
5769
5772
5775
5781
5789
5791
5792
5807
5815
5819
5830
5831
5855
5863
5867
5871
5872
5876
5879
5900
5912
5914
5916
5917
5922
5927
5930
5938
5943
5944
5949
5950
5957
5961
5968
5978
5984
5986
5987
5988
5989
5990
5994
5999
6000
6011
6014
6028
6059
6077
6094
6097
6101
6110
6114
6135
6143
6149
6159
6160
6172
6184
6191
6210
6224
6236
6243
6247
6248
6251
6254
6256
6265
6266
6267
6274
6286
6288
6292
6297
6298
6315
6323
6335
6349
6368
6376
6380
6381
6385
6402
6409
6429
6434
6438
6439
6443
6456
6459
6465
6466
6467
6476
6479
6480
6481
6482
6487
6489
6492
6493
6495
6496
6498
6499
6501
6505
6507
6510
6511
6515
6520
6528
6530
6532
6536
6538
6543
6554
6555
6559
6562
6565
6568
6571
6575
6579
6583
6584
6589
6597
6610
6619
6628
6633
6645
6650
6655
6660
6670
6671
6682
6687
6695
6703
6704
6706
6707
6709
6710
6711
6712
6713
6714
6719
6721
6722
6725
6735
6737
6739
6740
6744
6747
6748
6753
6758
6765
6766
6767
6772
6780
6783
6785
6801
6808
6817
6824
6829
6844
6846
6851
6855
6858
6863
6866
6870
6872
6879
6880
6886
6887
6889
6891
6892
6895
6901
6919
6931
6934
6937
6938
6951
6955
6956
6957
6958
6961
6970
6979
6980
6984
6986
6989
7000
7001
7002
7006
7010
7015
7018
7020
7021
7024
7033
7045
7057
7067
7068
7076
7078
7083
7098
7099
7103
7108
7110
7126
7133
7141
7149
7153
7165
7166
7178
7190
7204
7209
7210
7215
7227
7229
7240
7256
7260
7266
7267
7271
7272
7281
7301
7302
7305
7307
7308
7311
7314
7327
7328
7330
7333
7334
7338
7340
7350
7352
7354
7359
7360
7361
7366
7370
7371
7372
7373
7375
7377
7378
7379
7380
7383
7385
7392
7394
7400
7401
7410
7413
7418
7420
7427
7428
7430
7431
7440
7443
7452
7455
7460
7461
7464
7468
7470
7473
7477
7479
7483
7485
7488
7489
7495
7499
7502
7513
7514
7517
7519
7544
7546
7548
7549
7552
7565
7587
7588
7598
7601
7603
7605
7618
7620
7626
7628
7633
7641
7642
7655
7663
7665
7670
7675
7676
7677
7678
7686
7695
7700
7703
7704
7707
7710
7720
7722
7730
7734
7737
7740
7750
7754
7759
7763
7766
7772
7773
7776
7787
7800
7803
7807
7814
7817
7832
7833
7843
7850
7862
7872
7874
7875
7885
7894
7900
7902
7906
7917
7922
7924
7925
7928
7941
7944
7946
7957
7968
7973
7975
7979
7980
7987
7990
7993
7994
8000
8002
8003
8028
8031
8034
8046
8049
8050
8053
8056
8058
8059
8060
8062
8063
8064
8065
8066
8069
8070
8075
8080
8081
8083
8093
8108
8113
8151
8153
8155
8163
8167
8180
8181
8186
8188
8191
8193
8197
8198
8200
8202
8207
8209
8211
8213
8214
8221
8222
8225
8230
8231
8239
8245
8247
8249
8255
8256
8258
8261
8278
8279
8282
8283
8285
8297
8305
8311
8316
8322
8339
8341
8344
8348
8362
8364
8366
8368
8386
8388
8391
8392
8394
8398
8401
8402
8404
8416
8417
8419
8420
8422
8428
8430
8434
8438
8440
8443
8444
8445
8450
8467
8472
8477
8479
8496
8499
8501
8516
8517
8519
8527
8544
8551
8559
8569
8572
8577
8586
8606
8609
8615
8619
8625
8628
8655
8661
8665
8669
8672
8676
8678
8683
8684
8689
8696
8697
8706
8716
8724
8726
8734
8736
8743
8749
8751
8760
8763
8765
8768
8770
8771
8774
8775
8786
8788
8800
8803
8807
8808
8812
8833
8839
8843
8845
8846
8848
8850
8857
8872
8873
8890
8897
8905
8909
8915
8921
8936
8940
8942
8944
8947
8948
8952
8955
8956
8968
8969
8972
8981
9004
9005
9020
9023
9025
9027
9031
9042
9045
9046
9049
9050
9053
9055
9058
9062
9063
9064
9072
9073
9077
9085
9088
9092
9099
9101
9103
9106
9107
9113
9118
9121
9124
9125
9127
9129
9130
9145
9164
9183
9193
9237
9239
9370
9381
9465
9466
9467
9468
9473
9495
9536
9555
9556
9568
9577
9588
9591
9592
9594
9601
9602
9603
9606
9611
9617
9618
9623
9626
9642
9650
9700
9701
9702
9711
9713
9715
9716
9719
9720
9721
9722
9723
9725
9726
9727
9729
9733
9735
9737
9738
9743
9748
9751
9754
9755
9756
9760
9763
9765
9767
9771
9773
9775
9776
9777
9778
9779
9780
9787
9789
9792
9794
9795
9798
9800
9803
9804
9806
9811
9813
9816
9821
9824
9826
9827
9829
9830
9831
9832
9834
9835
9836
9839
9843
9879
9882
9886
9887
9888
9890
9891
9892
9896
9899
9906
9908
9909
9912
9913
9914
9917
9918
9919
9921
9924
9926
9927
9929
9932
9933
9935
9937
9939
9942
9943
9944
9958
10001
10013
10026
10034
10041
10044
10047
10049
10052
10054
10055
10058
10059
10067
10097
10105
10107
10109
10111
10112
10173
10182
10185
10230
10239
10280
10286
10290
10293
10295
10296
10297
10298
10299
10301
10302
10306
10307
10309
10311
10314
10318
10322
10331
10442
10443
10444
10446
10450
10451
10455
10458
10459
10460
10461
10464
10468
10469
10471
10472
10480
10481
10486
10487
10489
10493
10497
10502
10503
10511
10512
10514
10515
10516
10522
10524
10526
10529
10535
10537
10539
10543
10544
10545
10546
10547
10548
10549
10550
10554
10557
10558
10562
10564
10565
10566
10569
10571
10574
10576
10579
10580
10582
10585
10603
10609
10610
10612
10614
10615
10617
10618
10619
10620
10621
10622
10624
10625
10626
10627
10628
10636
10639
10647
10649
10650
10653
10655
10656
10662
10663
10668
10669
10676
10677
10679
10701
10702
10708
10714
10719
10720
10721
10729
10734
10739
10740
10741
10743
10747
10749
10751
10759
10760
10761
10765
10766
10767
10772
10780
10781
10783
10784
10785
10786
10787
10788
10794
10797
10803
10804
10806
10807
10808
10819
10828
10829
10830
10831
10832
10837
10838
10845
10849
10850
10864
10866
10871
10874
10876
10880
10881
10883
10885
10886
10903
10904
10917
10920
10924
10927
10935
10936
10957
10964
10965
10967
10970
10972
10976
10978
10980
10987
10989
10994
10997
11001
11002
11003
11004
11012
11013
11020
11021
11024
11025
11026
11027
11029
11031
11034
11036
11038
11039
11040
11043
11044
11061
11065
11068
11069
11070
11073
11079
11090
11094
11096
11097
11098
11100
11103
11107
11108
11109
11120
11121
11122
11123
11124
11127
11132
11133
11140
11153
11157
11198
11203
11220
11224
11227
11229
11246
11251
11267
11272
11273
11274
11276
11297
11302
11304
11308
11314
11328
11329
11330
11334
11338
11339
11341
11342
11343
11344
11347
11349
11354
11355
11356
11357
11358
11359
11362
11363
11364
11365
11368
11380
11381
11382
11384
11387
11389
11397
11398
11400
11403
11405
11442
11443
11446
11447
11448
11451
11457
11458
11459
11466
11467
11472
11473
11481
11488
11493
11495
11499
11502
11505
11509
11546
11560
11603
11611
11620
11672
11675
11682
11695
11702
11703
11704
11705
11710
11712
11718
11729
11733
11734
11747
11748
11750
11751
11755
11766
11787
11793
11800
11803
11804
11805
11819
11822
11830
11834
11838
11840
11842
11843
11844
11848
11849
11858
11867
11869
11875
11883
11892
11900
11902
11904
11910
11912
11917
11923
11927
11931
11933
11939
11944
11947
11948
11951
11960
11968
11970
11972
11974
11976
11979
11985
11986
11987
11989
11990
11991
11995
11999
12019
12020
12023
12028
12032
12034
12035
12039
12040
12041
12043
12045
12047
12048
12049
12050
12051
12056
12062
12068
12074
12075
12081
12084
12087
12089
12090
12091
12092
12093
12098
12099
12103
12107
12108
12110
12114
12115
12118
12120
12122
12125
12126
12130
12143
12145
12153
12156
12157
12165
12179
12181
12182
12184
12185
12188
12189
12202
12203
12205
12207
12210
12211
12213
12220
12222
12227
12229
12232
12233
12238
12240
12243
12244
12245
12246
12251
12252
12265
12270
12286
12288
12301
12303
12305
12324
12330
12332
12343
12345
12347
12368
12369
12372
12373
12376
12378
12379
12384
12385
12387
12391
12393
12407
12411
12433
12440
12443
12444
12447
12448
12450
12452
12469
12471
12472
12473
12490
12503
12514
12531
12532
12535
12537
12539
12547
12548
12557
12569
12598
12605
12622
12631
12636
12638
12639
12647
12649
12700
12714
12718
12719
12722
12725
12727
12732
12733
12740
12757
12758
12759
12762
12767
12785
12795
12815
12841
12864
12865
12881
25015
25085
25104
25112
25142
25270
25354
25408
25439
25456
30038
30047
30057
30084
30087
30126
30177
30186
30187
30188
30191
30237
30255
30319
30349
30402
30448
30500
30502
30506
30670
30680
30736
30809
30829
30853
30872
30878
30895
31013
31064
31466
31546
40016
40019
40049
40073
40075
40077
40081
40084
40086
40095
40129
40130
40131
40132
40160
40163
40166
40171
40188
40211
40215
40253
40290
45007
45009
45010
45017
45026
45058
45073
45074
45075
100000
100006
100008
100012
100013
100016
100018
100021
100022
100024
100026
100027
100028
100031
100033
100037
100133
100240
100242
100243
100244
100245
100247
100252
100255
100257
100258
100259
100260
100261
100264
100267
100273
100277
100279
100285
100295
100299
100315
100321
100324
100326
100333
100334
100335
100336
100338
100371
100490
100491
100493
100494
100495
100508
100511
100512
100518
100521
100522
100523
100524
100526
100530
100533
100534
100539
100540
100541
100542
100543
100544
100545
100555
100556
100559
100561
100568
100569
100570
100574
100576
100577
100578
100579
100580
100582
100583
100585
100586
100587
100589
100590
100593
100596
100601
100602
100605
100606
100607
100612
100614
100615
100617
100619
100625
100626
100627
100628
100629
100631
100634
100639
100641
100642
100643
100645
100646
100649
100650
100651
100653
100654
100658
100659
100660
100665
100668
100669
100670
100671
100672
100678
100679
100684
100686
100689
100693
100694
100697
100699
100702
100703
100704
100707
100710
100711
100712
100716
100718
100720
100721
100723
100724
100725
100729
100730
100732
100733
100734
100735
100736
100738
100742
100743
100745
100749
100750
100751
100753
100754
100755
100758
100759
100760
100761
100763
100764
100765
100767
100769
100771
100773
100774
100775
100776
100777
100778
100779
100780
100781
100783
100784
100785
100787
100790
100792
100795
100796
100797
100798
100799
100800
100803
100804
100806
100807
100811
100813
100817
100818
100819
100820
100823
100825
100830
100833
100835
100836
100838
100840
100842
100851
100852
100853
100856
100864
100866
100867
100869
100872
100874
100876
100886
100898
100925
100950
100954
100959
200007
200008
200020
200021
200022
200025
200026
200032
200034
200036
200037
200039
200040
200041
200042
200043
200044
200055
200056
200063
200064
200067
200097
200101
200102
200114
200119
200128
200134
200147
200149
410030
410031
3000022